# num_targets_sim_pass_one: 8000
# max_incl_sys: 0.0
# log_rate_clusters: -0.10536051565782628
# max_clusters_in_sys: 10
# log_rate_planets_per_cluster: 0.6418538861723947
# max_planets_in_clusters: 10
# power_law_P: -0.5
# min_period: 3.0
# max_period: 300.0
# power_law_r1: -1.0
# power_law_r2: -4.0
# break_radius (R_earth): 3.0
# min_radius (R_earth): 0.5
# max_radius (R_earth): 10.0
# f_high_incl: 0.5
# sigma_incl: 8.0
# sigma_incl_near_mmr: 1.0
# sigma_hk: 0.01
# num_mutual_hill_radii: 8.0
# mr_model: Ning2018_table
# sigma_log_radius_in_cluster: 0.25
# sigma_logperiod_per_pl_in_cluster: 0.15
#
target_id star_id star_mass star_radius num_obs_planets
65.0 45051.0 0.684 0.5820073 1.0
104.0 55901.0 0.958 0.95624894 1.0
139.0 68364.0 1.227 0.94996995 1.0
184.0 25859.0 1.016 1.4207608 1.0
452.0 25903.0 0.904 0.9592173 1.0
531.0 47387.0 0.933 1.1487494 1.0
577.0 4594.0 1.003 1.3799018 1.0
732.0 34724.0 0.841 1.1207547 1.0
759.0 54131.0 1.012 1.0347155 1.0
778.0 53144.0 1.086 1.1852018 1.0
843.0 72997.0 0.771 0.8396049 1.0
848.0 28536.0 0.906 0.99457943 1.0
872.0 56413.0 0.876 0.82788885 1.0
897.0 24392.0 0.905 1.46394 1.0
915.0 19312.0 0.631 0.7193702 1.0
967.0 25244.0 0.547 0.6196276 1.0
971.0 7627.0 0.583 0.7261691 1.0
986.0 31085.0 0.875 1.0632534 1.0
1131.0 15323.0 1.116 1.6807007 1.0
1242.0 69360.0 1.094 1.5305424 1.0
1291.0 27533.0 1.117 1.1451474 1.0
1309.0 61485.0 0.683 0.72547024 1.0
1343.0 18137.0 1.371 1.3392087 1.0
1377.0 37860.0 1.392 1.5889019 1.0
1403.0 35668.0 1.081 1.2935737 1.0
1423.0 64424.0 1.045 1.1136321 1.0
1441.0 53081.0 1.108 1.0980841 1.0
1468.0 3079.0 1.094 1.4585185 1.0
1576.0 37171.0 0.743 0.75727355 1.0
1677.0 58623.0 1.038 1.3721927 1.0
1701.0 11270.0 1.095 1.6879172 1.0
1705.0 59060.0 0.851 1.2019801 1.0
1712.0 56437.0 1.061 0.97440654 1.0
1727.0 52451.0 0.734 0.9423928 1.0
1749.0 31289.0 0.524 0.8462598 1.0
1751.0 64175.0 0.763 1.1647743 1.0
1873.0 10098.0 0.797 0.85207134 1.0
1876.0 77875.0 1.104 1.4338259 1.0
2152.0 63708.0 0.986 1.2416892 1.0
2192.0 24052.0 1.063 1.2624015 1.0
2242.0 11057.0 0.959 1.1369469 1.0
2257.0 61794.0 1.021 0.94574624 1.0
2391.0 37560.0 0.846 0.80053395 1.0
2453.0 9874.0 0.999 1.2216651 1.0
2470.0 56642.0 0.987 1.4008927 1.0
2547.0 74275.0 1.032 0.98547816 1.0
2557.0 72652.0 0.913 1.1434491 1.0
2746.0 42019.0 0.971 1.2583212 1.0
2800.0 28178.0 1.757 1.9295309 1.0
2805.0 17440.0 1.066 1.2733783 1.0
2850.0 12356.0 1.126 1.7596719 1.0
2851.0 3971.0 1.345 1.5196518 1.0
2883.0 26917.0 1.014 1.1377429 1.0
2975.0 54209.0 0.768 0.6312875 1.0
3010.0 7186.0 1.204 1.1798337 1.0
3030.0 17871.0 1.544 1.5032198 1.0
3106.0 66879.0 0.857 1.0015492 1.0
3131.0 36125.0 0.796 0.8009291 1.0
3149.0 28690.0 0.578 0.57358366 1.0
3251.0 43474.0 0.928 1.032665 1.0
3297.0 57968.0 1.067 1.4202329 1.0
3375.0 17224.0 1.115 1.6282308 1.0
3425.0 66641.0 1.072 1.0602431 1.0
3440.0 25521.0 0.86 0.8667997 1.0
3444.0 34216.0 1.002 0.90670943 1.0
3598.0 4333.0 0.995 1.4186747 1.0
3601.0 61996.0 0.987 1.1009382 1.0
3618.0 47792.0 1.014 1.3457907 1.0
3708.0 59189.0 1.459 1.5220091 1.0
3721.0 57679.0 1.016 1.2594811 1.0
3726.0 52290.0 1.065 1.301325 1.0
3781.0 65406.0 0.681 0.77732134 1.0
3793.0 76059.0 0.851 1.3941606 1.0
4061.0 47082.0 1.633 1.6942753 1.0
4067.0 49927.0 0.89 1.3104901 1.0
4070.0 34418.0 1.05 1.3759309 1.0
4129.0 5827.0 0.652 0.8572925 1.0
4315.0 65243.0 1.026 0.9276024 1.0
4316.0 42677.0 0.767 1.2344329 1.0
4343.0 27011.0 1.209 1.7007506 1.0
4392.0 31497.0 0.83 1.2402202 1.0
4460.0 21152.0 0.99 1.1853788 1.0
4520.0 53396.0 0.989 0.8589984 1.0
4524.0 8526.0 0.792 0.7172445 1.0
4663.0 36556.0 0.647 0.81389797 1.0
4775.0 11626.0 1.22 1.5712055 1.0
4798.0 43362.0 1.099 1.1355323 1.0
4918.0 1273.0 0.917 1.3706466 1.0
5104.0 37300.0 1.024 0.9753677 1.0
5106.0 74333.0 0.866 0.79650867 1.0
5169.0 23900.0 1.023 1.1488332 1.0
5199.0 67291.0 1.1 1.3654351 1.0
5217.0 33808.0 0.998 0.9334691 1.0
5271.0 18036.0 0.999 0.90088135 1.0
5336.0 35805.0 0.612 0.5342577 1.0
5403.0 42466.0 0.853 0.9055534 1.0
5420.0 47770.0 1.347 1.8334193 1.0
5444.0 11917.0 0.925 1.0378244 1.0
5495.0 9789.0 0.978 1.311994 1.0
5499.0 69449.0 0.971 1.3179697 1.0
5512.0 79287.0 1.079 1.3096279 1.0
5529.0 45897.0 1.105 1.4664065 1.0
5626.0 39358.0 0.871 0.88843197 1.0
5667.0 70237.0 0.893 0.89811665 1.0
5795.0 20114.0 1.019 1.6264651 1.0
5869.0 14305.0 0.947 1.3027474 1.0
5984.0 40815.0 0.988 1.2805506 1.0
6020.0 33482.0 1.399 1.699046 1.0
6021.0 35843.0 1.312 1.5392865 1.0
6088.0 41074.0 0.938 1.3968291 1.0
6093.0 73415.0 1.09 1.1616282 1.0
6135.0 18443.0 1.134 1.0141329 1.0
6137.0 24647.0 0.902 0.942654 1.0
6175.0 33521.0 0.933 1.5937103 1.0
6196.0 46092.0 0.875 0.96807724 1.0
6244.0 64771.0 1.045 1.479248 1.0
6271.0 27224.0 0.73 0.69458437 1.0
6279.0 77724.0 0.941 0.90064836 1.0
6365.0 4221.0 0.975 1.3349874 1.0
6369.0 45690.0 0.977 0.85936475 1.0
6496.0 70346.0 0.924 1.4058261 1.0
6511.0 42619.0 1.07 0.8591311 1.0
6530.0 14110.0 1.03 1.1918954 1.0
6676.0 29471.0 0.999 0.96661794 1.0
6677.0 78530.0 1.032 1.2237548 1.0
6696.0 46789.0 0.775 0.8295333 1.0
6786.0 56574.0 1.073 1.2072701 1.0
6857.0 46298.0 1.091 0.9453316 1.0
6932.0 47537.0 0.97 1.7816116 1.0
7130.0 56622.0 0.918 0.96924627 1.0
7279.0 12178.0 0.954 1.2195852 1.0
7286.0 54682.0 1.024 1.0142877 1.0
7450.0 58424.0 1.065 1.0631789 1.0
7457.0 40528.0 0.805 0.9457344 1.0
7466.0 40363.0 0.958 1.3707436 1.0
7723.0 48331.0 0.809 0.7878787 1.0
7729.0 26823.0 1.257 1.4378802 1.0
7787.0 27302.0 0.976 1.565517 1.0
7870.0 73793.0 1.118 1.2024343 1.0
7929.0 67448.0 0.81 0.7834872 1.0
7978.0 73435.0 1.04 1.6281251 1.0
52.0 60072.0 0.795 1.2007607 2.0
190.0 11660.0 1.004 0.8849891 2.0
353.0 78697.0 0.98 1.0614483 2.0
576.0 41624.0 0.928 1.6368895 2.0
581.0 5205.0 0.982 1.0319985 2.0
617.0 47559.0 0.975 0.99807376 2.0
624.0 23468.0 0.839 0.8182533 2.0
811.0 20095.0 0.945 1.0999838 2.0
1563.0 51323.0 0.755 1.0157831 2.0
1823.0 29907.0 0.96 1.143729 2.0
1875.0 75058.0 0.812 0.813425 2.0
1943.0 845.0 1.143 1.1517938 2.0
2214.0 6881.0 0.96 1.0338297 2.0
2643.0 78489.0 1.184 1.7002727 2.0
2707.0 47726.0 0.95 0.80509734 2.0
2976.0 32988.0 1.156 1.2697693 2.0
3081.0 39150.0 0.926 1.0143268 2.0
3259.0 66681.0 0.959 0.9714733 2.0
3498.0 45198.0 1.038 0.9322021 2.0
3631.0 64431.0 0.875 1.3660697 2.0
3732.0 68078.0 0.953 1.008534 2.0
3763.0 11607.0 1.021 0.9133947 2.0
3821.0 43479.0 0.845 0.8866979 2.0
3875.0 45944.0 0.866 0.82051086 2.0
4032.0 33298.0 0.783 0.7898254 2.0
4110.0 69012.0 1.171 1.3652723 2.0
4174.0 53217.0 0.961 1.0167185 2.0
4245.0 74920.0 1.429 1.8064669 2.0
4530.0 37740.0 1.157 1.258034 2.0
4542.0 12280.0 0.835 1.020995 2.0
4583.0 46423.0 1.025 1.1544764 2.0
4788.0 53490.0 1.077 1.3918481 2.0
4870.0 20450.0 1.132 1.3276595 2.0
4884.0 43540.0 1.183 1.8134896 2.0
4937.0 33871.0 1.037 1.3446717 2.0
4971.0 20909.0 0.921 0.9092003 2.0
5001.0 46834.0 1.233 1.1939875 2.0
5057.0 45528.0 0.87 1.4748266 2.0
5089.0 64233.0 1.196 1.1764634 2.0
5094.0 55789.0 0.778 1.1969955 2.0
5374.0 29512.0 0.814 1.0284753 2.0
5406.0 79918.0 0.838 1.1033062 2.0
5410.0 19675.0 1.126 1.2951307 2.0
5450.0 44876.0 0.99 0.9555182 2.0
5502.0 72734.0 1.031 1.0632328 2.0
5694.0 23833.0 1.093 1.3113964 2.0
6381.0 9282.0 1.133 1.1793345 2.0
6668.0 56970.0 1.254 1.2867397 2.0
6711.0 12179.0 0.862 0.8695097 2.0
6856.0 8122.0 1.481 1.4265841 2.0
6890.0 36837.0 0.925 0.9543605 2.0
6927.0 71363.0 0.865 0.8450896 2.0
7102.0 1408.0 0.875 0.80522484 2.0
7110.0 2395.0 0.75 0.7308864 2.0
7214.0 452.0 1.052 0.8935666 2.0
7367.0 59692.0 1.78 1.8651593 2.0
7372.0 26397.0 1.07 1.3414966 2.0
7573.0 16308.0 1.07 1.0670437 2.0
7656.0 43888.0 1.348 1.4201869 2.0
7842.0 40963.0 0.94 1.1694726 2.0
460.0 51532.0 0.985 0.9210304 3.0
1679.0 20507.0 1.029 1.0657386 3.0
2182.0 59882.0 0.575 0.6297453 3.0
2844.0 67469.0 1.024 0.93239343 3.0
3635.0 56803.0 1.095 1.2690114 3.0
4169.0 58807.0 1.031 1.1471274 3.0
4558.0 1603.0 0.811 0.7094869 3.0
4713.0 46759.0 0.733 0.77004784 3.0
5832.0 16695.0 1.055 0.8898361 3.0
5917.0 38324.0 1.273 1.627953 3.0
6775.0 41745.0 0.939 1.2688261 3.0
7583.0 12191.0 1.116 1.2388704 3.0
7890.0 63611.0 1.065 1.0682812 3.0
265.0 79218.0 0.87 1.1790855 4.0
1839.0 39445.0 0.756 0.60216564 4.0
1902.0 47148.0 1.064 1.7365228 4.0
2578.0 34790.0 1.313 1.5301267 4.0
3920.0 48122.0 1.075 1.489066 4.0
5452.0 69321.0 0.935 0.82255787 4.0
5492.0 15263.0 1.025 1.180787 4.0
5645.0 23724.0 0.941 1.0724361 4.0
6069.0 40152.0 0.969 1.3628279 4.0
2565.0 51559.0 1.107 1.2216363 5.0
3178.0 54044.0 1.049 1.1768961 5.0
5324.0 3293.0 1.153 1.4996904 5.0
1903.0 21819.0 0.878 1.0943608 6.0
4914.0 8292.0 0.966 1.0222311 6.0
